tree
version=v4
num_class=1
num_tree_per_iteration=1
label_index=0
max_feature_idx=7
objective=lambdarank
feature_names=dist_victim_km dist_terminal_km same_bank_as_terminal n_hops_observed terminal_readiness stolen_amount urban is_final_snapshot
feature_infos=[0.082000000000000003:3202.3910000000001] [0:3007.3040000000001] none [1:7] [0:1] [1420.8699999999999:763818.12] [0:1] [0:1]
tree_sizes=3470 3444 3408 3390 3447 3421 3434 3433 3412 3459 3462 3459 3446 3408 3412 3421 3411 3432 3429 3426

Tree=0
num_leaves=31
num_cat=0
split_feature=0 4 4 0 0 0 0 0 0 0 6 0 0 1 4 6 1 0 0 6 0 0 0 0 1 0 0 0 0 0
split_gain=120.531 32.4429 30.6001 28.7108 18.9471 18.6199 20.5014 62.2358 26.1684 16.3304 18.7038 45.9198 18.3771 22.1267 16.7759 15.4453 15.1886 13.1427 12.0981 13.8177 21.6204 16.4285 18.4318 15.7183 14.8836 12.0883 20.5555 27.1366 15.2286 14.515
threshold=409.28500000000003 0.065041494134730218 1.0000000180025095e-35 238.95600000000005 676.14450000000011 2.7310000000000003 28.802000000000003 29.877000000000006 27.404500000000002 37.211000000000006 1.0000000180025095e-35 31.454500000000003 30.381500000000006 202.56350000000003 0.93950171177000941 1.0000000180025095e-35 1171.9865000000002 37.626500000000007 16.867500000000003 1.0000000180025095e-35 18.658500000000004 19.249000000000006 19.782500000000002 26.034000000000002 881.70850000000007 881.46850000000006 1677.7765000000002 1450.7325000000003 1419.1760000000002 863.16600000000005
decision_type=2 2 2 2 2 2 2 2 2 2 2 2 2 2 2 2 2 2 2 2 2 2 2 2 2 2 2 2 2 2
left_child=2 4 3 -1 -2 -4 8 -8 18 10 11 -9 -12 -14 -13 -10 -5 -11 -7 20 -20 24 -23 -24 -22 29 27 28 -27 -3
right_child=1 25 5 16 -6 6 7 9 15 17 12 14 13 -15 -16 -17 -18 -19 19 -21 21 22 23 -25 -26 26 -28 -29 -30 -31
leaf_value=-0.082962289289555013 -0.0077692686179238763 0.006108643460220259 -0.055590588854602586 0.076143253837599761 0.075193767497840347 0.006715730349662022 -0.057182100893225535 -0.081472572994731263 0.053351307047974639 -0.045554071521880748 0.052254214024183746 0.011830147107468927 -0.075668890547278059 0.0096691247947565135 -0.043365175371199743 0.013099421539143431 -0.09999999999999995 -0.0058231687278147608 -0.068994276302484642 -1.6713385666239783e-05 -0.043580291081962944 -0.10000000000000001 -0.0056672921589102573 -0.067171763778634611 0.080761938532183997 0.012653426918134328 0.00011782911184565016 0.032300130819403652 -0.036899444989324688 -0.040945373080468667
leaf_weight=22.322240816429261 9.006357722275423 1039.526289958274 17.528896279633045 5.1783443053718647 29.176405304460786 342.62551597435959 57.734715642873198 20.071999748237431 33.819070806959644 20.955830421298742 24.722701228922233 76.482880702940747 7.8155063618905833 270.17169279814698 16.788251925026998 80.704896898008883 1.6026020391145719 3089.2921561628464 18.399177768733352 344.23596630687825 3.3704523537307969 6.287280927412211 100.53102534636855 11.585145143792031 8.4159283647313696 554.31862742226804 237.30392238829518 209.76847216620808 15.950806520180775 16.651936614012811
leaf_count=695 188 14422 342 35 413 5221 1110 425 236 363 243 907 178 3133 360 881 57 43849 377 4326 75 161 1434 259 39 8371 4064 2533 369 349
internal_value=7.18767e-05 0.0099546 -0.00448412 -0.0555908 0.0556249 -0.00415733 -0.00395849 -0.00568946 0.00257208 -0.00484639 0.00445679 -0.0128684 0.0109438 0.00726988 0.00189532 0.0249859 0.0345137 -0.00609086 -0.000500414 -0.00551728 -0.0182604 -0.0110904 -0.0166943 -0.0120226 0.0452048 0.0091136 0.0130035 0.0169235 0.0112674 0.00536678
internal_weight=6692.35 2111.7 4580.64 29.1032 38.1828 4551.54 4534.01 3584.04 949.974 3526.3 416.053 113.343 302.71 277.987 93.2711 114.524 6.78095 3110.25 835.45 492.825 148.589 130.19 118.403 112.116 11.7864 2073.52 1017.34 780.038 570.269 1056.18
internal_count=95415 30709 64706 787 601 63919 63577 50568 13009 49458 5246 1692 3554 3311 1267 1117 92 44212 11892 6671 2345 1968 1854 1693 114 30108 15337 11273 8740 14771
is_linear=0
shrinkage=0.05


Tree=1
num_leaves=31
num_cat=0
split_feature=1 5 5 5 3 5 5 1 5 3 5 5 4 4 7 5 5 1 1 1 5 5 3 6 1 4 7 3 4 5
split_gain=14.1985 36.4502 27.1234 40.3147 23.0418 16.9548 16.6232 23.1518 18.4135 14.2977 19.724 13.8886 12.2494 15.1265 14.2802 13.3483 12.139 13.9473 15.2731 13.574 30.8486 27.9574 15.641 15.9624 14.0442 13.6429 16.3128 18.0512 13.3829 15.4957
threshold=2156.2525000000001 83696.635000000024 65463.950000000004 43821.825000000004 3.5000000000000004 17388.905000000002 296008.36500000005 2252.6570000000006 132937.23500000002 1.5000000000000002 45006.280000000006 7311.6250000000009 0.99644405699742566 0.90152917256731691 1.0000000180025095e-35 29765.865000000002 103123.38500000001 1290.2660000000003 68.183000000000007 1239.1450000000002 18117.870000000003 24129.875000000004 3.5000000000000004 1.0000000180025095e-35 1275.5405000000003 0.99999523405763624 1.0000000180025095e-35 2.5000000000000004 0.26381141702389682 27221.920000000002
decision_type=2 2 2 2 2 2 2 2 2 2 2 2 2 2 2 2 2 2 2 2 2 2 2 2 2 2 2 2 2 2
left_child=16 2 3 5 9 11 7 8 -3 10 -5 -2 13 -7 -14 -15 17 18 -1 -20 -21 22 -22 -24 25 26 -23 -28 -19 -30
right_child=1 6 -4 4 -6 12 -8 -9 -10 -11 -12 -13 14 15 -16 -17 -18 28 19 20 21 24 23 -25 -26 -27 27 -29 29 -31
leaf_value=0.012611269378148927 0.016540230382479423 -0.0045684503439336957 0.028229049664573121 0.071396995035775734 -0.099470050822396128 0.0057445533594154309 0.048887950124599053 -0.084357876104548382 -0.10023021281470353 -0.012674553891150598 -0.10002324281138475 -0.02657134506144411 0.082611324683691589 -0.0026172972187134026 0.011492545355969015 -0.099967285266050268 0.0035825719963715058 -0.005974391994335926 -0.0011374142310540596 0.0080894434310527282 -0.085822583386907056 -0.029020330944535475 0.011850352920057254 -0.099642982357645016 0.0050259250091131092 -0.072208772532748156 0.045135387464020772 -0.027140306321458404 -0.00058157927160971349 0.0056652687730030307
leaf_weight=195.44589255470783 23.870046332478523 27.348389404825866 60.312764554284513 1.9843658879399289 14.396253895014523 195.57840515719727 4.5771971051581195 27.034458992537111 6.1642031548544756 38.550005185883492 10.871727611869572 85.94244509364944 10.668485088273885 7.5911779231391829 20.858906461391598 6.5677016333211213 2443.4989176475792 461.38562803115929 9762.3552471487783 138.92135034047533 23.58599296072498 92.437357602873817 10.871477700769899 4.5554308188147834 65.666703072376549 12.798277176916597 18.394814589992166 16.288861359469593 1725.8407478505396 2336.9898768306593
leaf_count=895 101 168 229 4 128 986 12 215 39 216 118 571 16 41 98 73 12683 2552 53266 675 230 577 39 50 340 114 53 106 9240 11580
internal_value=6.70231e-05 -0.00789944 -0.00311074 -0.00764487 -0.04356 -0.000913314 -0.0429883 -0.0499339 -0.0221642 -0.0279024 -0.0735642 -0.0172001 0.00649969 0.00213165 0.0355583 -0.0477738 0.000316624 -0.000220211 -0.00123321 -0.0014999 -0.0107269 -0.0214138 -0.0602185 -0.0210727 -0.0140501 -0.0230028 -0.0180489 0.0111918 0.00209527 0.00301168
internal_weight=17851.4 542.317 477.192 416.88 65.8024 351.077 65.1242 60.5471 33.5126 51.4061 12.8561 109.812 241.265 209.737 31.5274 14.1589 17309 14865.5 10341.3 10145.9 383.52 244.599 39.0129 15.4269 205.586 139.919 127.121 34.6837 4524.22 4062.83
internal_count=95415 3015 2581 2352 466 1886 434 422 207 338 122 672 1214 1100 114 114 92400 79717 56345 55450 2184 1509 319 89 1190 850 736 159 23372 20820
is_linear=0
shrinkage=0.05


Tree=2
num_leaves=31
num_cat=0
split_feature=1 1 4 6 4 5 4 1 1 1 5 1 1 3 1 4 5 5 5 4 3 1 4 5 6 1 1 4 5 3
split_gain=8.60562 15.9524 16.5737 25.265 16.0225 15.1803 13.646 40.6986 24.4199 16.9023 14.8319 13.1251 17.8841 12.4472 16.8948 12.2679 11.6771 11.4391 18.769 18.7688 14.5995 14.1909 20.2364 13.8522 12.7891 11.2235 37.4456 18.874 16.8063 14.0648
threshold=684.2270000000002 679.20650000000012 0.83063596240625348 1.0000000180025095e-35 0.52111058851931025 48435.765000000007 1.0000000180025095e-35 972.7555000000001 1258.7035000000003 827.35100000000011 81014.645000000004 1407.1400000000001 1479.2535 1.5000000000000002 745.89050000000009 0.99999523405763624 77523.835000000006 19754.325000000001 21450.380000000001 0.1295661900884745 5.5000000000000009 673.32550000000003 1.0000000180025095e-35 9976.0850000000009 1.0000000180025095e-35 649.68450000000018 638.65650000000016 0.65008660733187063 185330.66000000003 4.5000000000000009
decision_type=2 2 2 2 2 2 2 2 2 2 2 2 2 2 2 2 2 2 2 2 2 2 2 2 2 2 2 2 2 2
left_child=1 17 4 5 -3 15 7 9 -9 13 11 -10 -13 14 -2 -4 -14 19 20 23 -19 25 -23 -1 -24 26 -20 28 -28 -29
right_child=6 2 3 -5 -6 -7 -8 8 10 -11 -12 12 16 -15 -16 -17 -18 18 21 -21 -22 22 24 -25 -26 -27 27 29 -30 -31
leaf_value=0.0024767188305255278 -0.099267719980970448 0.0045221611653603446 -0.0080012007384964515 -0.10027764733193983 0.056408334197647042 -0.099026403495301951 -0.00041976616960522371 0.032006556158977705 -0.099579070339454123 -0.098665597580046061 -0.099053966450105946 0.064574404657200851 -0.040088772241969696 -0.10016430096174722 0.024822163430376302 0.077518772392066004 0.099578426648270366 0.019789450362516035 0.0024441843537757729 -0.0017183881088184653 -0.098234268077590461 0.079529394385368365 -0.099826791927246417 -0.065588650736119858 -0.02462097262061776 0.013792660379047401 -0.018275027998633009 -0.074971738658467776 0.088796324451915432 -0.011895405563694051
leaf_weight=11.85150178382173 3.6798008538316962 24.062828654656187 8.5845658164471459 6.0652488358318797 38.983128381893039 2.4683725917711845 12376.053229801531 36.593489944702014 3.7117813373915878 16.651681660208851 5.8595226146280757 7.7077883109450367 15.807295801118016 4.7366392090916625 10.774161105044184 8.1982898749411106 1.6530306339263923 186.4509769853903 3563.6499002540368 1224.7786094800103 2.6575711406767359 4.0135650993324807 6.9469346898258655 20.241527022793889 30.349010406644084 201.7629810734652 35.967117953114212 28.63556615030393 4.0807444415986529 12.782891954295335
leaf_count=78 34 127 47 59 107 27 65620 202 55 154 103 11 133 13 70 14 1 790 19004 6697 29 17 82 159 218 989 238 261 6 70
internal_value=0.000148836 0.00181197 0.0228828 -0.0112894 0.0366049 0.016747 -0.000573605 -0.0183381 0.0035025 -0.0618052 -0.0265228 -0.0118068 0.00113783 -0.0298213 -0.00676959 0.0337746 -0.026866 0.00146292 0.00274848 -0.00270744 0.0181308 0.00200034 -0.0271491 -0.0404531 -0.0386292 0.00231336 0.00167796 -0.0318397 -0.00736481 -0.0555046
internal_weight=17905.8 5422.53 88.3624 25.3165 63.046 19.2512 12483.2 107.175 71.3329 35.8423 34.7394 28.8799 25.1681 19.1906 14.454 16.7829 17.4603 5334.17 4077.3 1256.87 189.109 3888.19 41.3095 32.093 37.2959 3846.88 3645.12 81.4663 40.0479 41.4185
internal_count=95415 29019 381 147 234 88 66396 776 505 271 303 200 145 117 104 61 134 28638 21704 6934 819 20885 317 237 300 20568 19579 575 244 331
is_linear=0
shrinkage=0.05


Tree=3
num_leaves=31
num_cat=0
split_feature=5 1 1 5 4 1 1 3 4 1 5 5 6 1 1 1 4 1 4 1 1 1 1 1 1 5 5 1 1 3
split_gain=8.77953 10.0418 42.9402 25.8935 16.2641 21.5518 16.0704 15.8452 25.8654 12.1403 40.5341 14.4074 13.0277 18.0898 15.9452 16.6365 12.5052 11.0888 34.0242 11.8689 11.2956 16.8608 10.5939 11.2151 10.4672 10.3275 9.74367 10.7956 10.054 17.7508
threshold=103123.38500000001 1119.6670000000001 1191.4545000000001 115579.39000000001 0.065041494134730218 1158.6180000000002 1009.5435000000001 2.5000000000000004 0.58427386575779272 871.4860000000001 112224.97500000002 249836.30500000002 1.0000000180025095e-35 865.06450000000007 865.06450000000007 827.35100000000011 0.8249739466499646 68.183000000000007 0.48081207328511705 766.87150000000008 745.89050000000009 737.29600000000016 1112.421 1106.1910000000003 940.04100000000005 155188.72500000003 424938.94500000007 202.56350000000003 701.24050000000011 5.5000000000000009
decision_type=2 2 2 2 2 2 2 2 2 2 2 2 2 2 2 2 2 2 2 2 2 2 2 2 2 2 2 2 2 2
left_child=-1 6 3 -3 -5 25 9 -8 -9 12 -11 -12 14 17 15 -2 24 18 -14 20 21 26 23 -10 -13 -6 28 -28 -19 -30
right_child=1 2 -4 4 5 -7 7 8 22 10 11 16 13 -15 -16 -17 -18 19 -20 -21 -22 -23 -24 -25 -26 -27 27 -29 29 -31
leaf_value=-0.00025743205887068338 0.010698656775068054 0.0088388433021335238 0.0021026074656581625 0.098944983358463606 -0.01351188821519661 -0.099574227339262258 0.028443890129879454 -0.099157061575620584 0.0052328785557622035 -0.10014862253029966 0.002006332814216423 -0.10027991769039163 0.041455252247601937 0.072409071523436827 -0.098760970911280499 0.052514241836499824 -0.099612189356974301 0.0002759789222660177 -0.099908182336133619 -0.01746216540174881 0.053431404119818698 -0.098718414979592661 0.051866118713738786 -0.099898004102434282 0.023400297074822485 -0.070307825228685797 0.10046616183370922 0.012806189318020342 0.036496288114060062 -0.098991614002706424
leaf_weight=15410.96520004145 376.43015583243687 22.713764398824424 952.10736972576706 1.6779092550277699 21.387167730368674 20.537077191285789 138.07178926561028 5.9539046194404355 70.676818008068949 11.31351771764457 158.99160184909124 2.3225437607616168 7.4452726515010026 8.7492540236562473 3.197328368201851 25.39060690626502 6.750160362571477 472.17774173757061 9.93832636810839 75.3433262698818 11.190813520457594 4.0690437043085685 12.151442238129674 2.6312160487286738 6.4935919467825443 12.790635474026201 5.2809793949127188 10.486562060134018 35.006136508658528 2.5967680588364592
leaf_count=82442 1764 101 5084 1 137 208 521 65 381 121 856 21 32 21 31 77 69 2410 112 492 34 37 33 27 28 99 3 57 120 31
internal_value=0.00018796 0.00294028 -0.000838366 -0.0362352 -0.05439 -0.0590923 0.00560432 0.0177535 0.00160662 0.00334344 -0.00843268 -0.00248835 0.00543342 0.00100508 0.012456 0.0133409 -0.0483963 1.89709e-05 -0.0393632 0.00113007 0.00372027 0.00266987 0.00862676 0.00145946 -0.00918231 -0.0347671 0.00345487 0.0421659 0.00225753 0.0271398
internal_weight=17904.8 2493.87 1031.21 79.1066 56.3928 54.7149 1462.66 229.485 91.4134 1233.17 185.871 174.558 1047.3 642.284 405.018 401.821 15.5663 633.535 17.3836 616.151 540.808 529.617 85.4595 73.308 8.81614 34.1778 525.548 15.7675 509.781 37.6029
internal_count=95415 12973 5630 546 445 444 7343 1027 506 6316 1095 974 5221 3349 1872 1841 118 3328 144 3184 2692 2658 441 408 49 236 2621 60 2561 151
is_linear=0
shrinkage=0.05


Tree=4
num_leaves=31
num_cat=0
split_feature=0 0 5 0 5 5 0 5 5 0 0 5 0 0 5 0 0 0 6 5 5 5 5 0 0 6 0 5 5 0
split_gain=992.969 116.551 105.489 87.4077 86.9343 84.956 50.6336 50.0107 49.9667 49.7556 124.145 63.4198 48.0614 80.1972 43.2666 42.5949 43.8493 41.1628 41.1485 51.5517 49.4789 41.1491 62.8105 43.7277 39.7711 45.0914 38.4339 37.5022 37.2594 36.8561
threshold=409.28500000000003 1393.3810000000001 175194.12500000003 12.945500000000001 207388.72 52614.805000000008 5.5870000000000006 78205.460000000006 55307.87000000001 43.758000000000003 44.706500000000013 75336.160000000018 1002.9475000000001 1117.0970000000002 3895.4000000000005 152.20900000000003 363.6280000000001 28.458000000000002 1.0000000180025095e-35 42774.125000000007 37491.270000000011 49314.840000000004 49197.475000000006 321.72200000000004 143.67200000000003 1.0000000180025095e-35 599.35000000000002 52614.805000000008 43288.595000000008 24.168000000000003
decision_type=2 2 2 2 2 2 2 2 2 2 2 2 2 2 2 2 2 2 2 2 2 2 2 2 2 2 2 2 2 2
left_child=3 4 5 6 14 -3 -1 9 -7 -5 -11 15 26 -14 -2 24 18 29 19 20 -17 22 23 -20 -12 -26 -6 -23 -21 -9
right_child=1 2 -4 7 12 8 -8 17 -10 10 11 -13 13 -15 -16 16 -18 -19 21 28 -22 27 -24 -25 25 -27 -28 -29 -30 -31
leaf_value=-0.025717481408098698 -0.073750701823194792 0.027808467398191775 0.063995139998817382 -0.0071785377027382847 -0.015424664845908055 -0.079777513132183731 0.014987947167802993 -0.011449578926556387 0.0058215194917422951 -0.082927906215355909 -0.016781643976042201 -0.08687551598901655 0.0549952523658572 -0.099765054306302892 0.011708077815509269 -0.00088533605178247655 -0.027977696166724204 -0.0017144619412542373 -0.01297326125298905 0.095476950368888258 -0.09838671995509346 -0.098779381615218209 0.096085470596749351 0.0189566866521927 -0.098830281683203541 -0.016956323232017612 -0.098650391341528476 -0.024849762958210508 0.0209438108376169 -0.051254408772359233
leaf_weight=89.793023667065427 14.852336622949222 1310.2411539154709 158.91607260177261 2681.6328263869509 23.145324581302702 17.772358174435794 512.06809446541592 240.16009571147151 418.50700687037897 67.597023276844993 3154.3232820363482 30.249470073962584 26.751884062745376 12.183415392413734 5298.7869094487978 255.9770645450335 229.39783806249034 2033.5626008349936 689.32021783594973 18.685320991557091 13.708658361807464 20.31555295502767 14.754272610880433 126.97796065872535 31.83050486817956 35.652957352809608 34.623317185789347 110.2187055288814 163.39591921889223 76.734646310098469
leaf_count=746 115 4955 346 16240 146 152 2617 1498 2032 618 20350 373 59 112 22398 1431 1658 11187 4321 15 156 241 17 599 346 245 394 755 699 594
internal_value=0.000191331 0.0143594 0.0249938 -0.00959041 0.0106142 0.0214451 0.00891501 -0.0107048 0.00233454 -0.0126661 -0.0156315 -0.0147021 -0.0363673 0.00656853 0.0114692 -0.0142533 -0.00770104 -0.00432647 -0.00440999 0.00803683 -0.00584152 -0.0102577 -0.00615843 -0.00800645 -0.0175942 -0.0555745 -0.0653055 -0.0363557 0.0285925 -0.0210881
internal_weight=17912.1 7315.78 1905.44 10596.4 5410.34 1746.52 601.861 9994.49 436.279 7644.04 4962.4 4894.81 96.7039 38.9353 5313.64 4864.56 1642.75 2350.46 1413.35 451.767 269.686 961.587 831.052 816.298 3221.81 67.4835 57.7686 130.534 182.081 316.895
internal_count=95415 30709 7485 64706 23224 7139 3363 61343 2184 48064 31824 31206 711 171 22513 30833 9892 13279 8234 2301 1587 5933 4937 4920 20941 591 540 996 714 2092
is_linear=0
shrinkage=0.05


Tree=5
num_leaves=31
num_cat=0
split_feature=0 0 0 0 0 1 0 0 5 0 5 1 5 5 0 0 0 0 5 0 5 0 0 0 0 5 5 5 5 5
split_gain=641.605 63.7037 60.7322 59.1224 62.5351 53.3317 53.867 41.1099 77.8222 40.8053 38.0411 38.0666 37.4253 36.2809 35.159 32.9244 42.8216 140.651 58.9072 116.346 31.464 31.328 42.2926 78.2296 39.1286 37.3641 76.6124 29.5435 29.2817 29.1157
threshold=248.25750000000002 47.056000000000004 57.117000000000012 478.61950000000007 1759.2025000000001 1938.6725000000004 2126.9410000000003 2230.5505000000007 17388.905000000002 56.249000000000002 132937.23500000002 550.20100000000014 249836.30500000002 207388.72 306.6955000000001 1285.6175000000001 1048.1295000000002 1070.5605000000003 66129.080000000016 530.6500000000002 40401.870000000003 66.620500000000007 62.150000000000013 60.668500000000002 152.20900000000003 19411.135000000006 50353.860000000008 49993.630000000005 16008.520000000002 257151.65000000002
decision_type=2 2 2 2 2 2 2 2 2 2 2 2 2 2 2 2 2 2 2 2 2 2 2 2 2 2 2 2 2 2
left_child=1 -1 9 10 15 6 -6 8 -8 12 -2 -12 -3 -9 -13 16 18 -18 -5 -20 -10 22 23 25 -23 28 -27 -22 -4 -21
right_child=3 2 21 4 5 -7 7 13 20 -11 11 14 -14 -15 -16 -17 17 -19 19 29 27 24 -24 -25 -26 26 -28 -29 -30 -31
leaf_value=-0.0050234853066953578 0.0035382580849795554 -0.02168945302604957 0.012348432481421145 0.01774204274829776 -0.0076874712016531859 -0.039404714113704456 -0.10065116041024452 -0.0056253163700380479 0.070011492123676147 -0.073693252568572454 0.016518468618567136 -0.0012902675741611146 -0.096150771592477272 0.077754795804820601 -0.075244352329103661 0.019710927808673923 -0.072101554225622685 0.0070793438573864727 -0.072499276532896659 0.0080766182465959787 -0.10035514418759993 -0.016185580507709487 0.012416980085162477 -0.053337473743086644 -0.0035206217234841617 -0.085317425896916765 0.0093624217002816167 0.032537570448629552 0.082962647491717167 -0.093331914603468499
leaf_weight=4002.501667487435 1627.9848942530807 771.13503961532842 56.959323969436809 2467.9069114549202 427.70490626664832 82.03247802448459 8.7718725968152267 127.34475571569055 81.580004564486444 42.361166384071112 32.897022603079677 25.062797633465379 17.252563316375017 14.535643035080282 44.797158848494291 1698.7001048658276 60.174534369958565 825.08822721883189 49.710250271251425 627.55944183352403 5.0557556040585068 2357.7777381228516 308.37452665809542 88.341316499747336 822.63418784248643 28.637590235099196 84.14609692664817 24.20321812806651 19.77866186760366 7.1588666960597029
leaf_count=26375 9733 5439 310 11190 1961 527 60 549 122 371 177 132 184 23 476 5580 381 3368 469 3162 33 16215 1506 751 5252 336 421 101 43 167
internal_value=-8.28191e-05 -0.00963556 -0.0136508 0.00988925 0.0120737 -0.00129377 0.00324244 0.0211198 0.0427117 -0.0258876 0.00167591 -0.0278294 -0.0233189 0.00291697 -0.0487128 0.0138709 0.0114139 0.00169713 0.0141426 0.00116367 0.0540575 -0.010952 -0.000331006 -0.0144788 -0.0129097 0.00363428 -0.0146783 0.0095746 0.0305487 0.00693285
internal_weight=16838.2 8599.9 4597.4 8238.27 6507.53 771.229 689.196 261.491 119.611 830.749 1730.74 102.757 788.388 141.88 69.86 5736.3 4037.6 885.263 3152.34 684.429 110.839 3766.65 586.238 277.863 3180.41 189.522 112.784 29.259 76.738 634.718
internal_count=95414 57203 30828 38211 27693 3376 2849 888 316 5994 10518 785 5623 572 608 24317 18737 3749 14988 3798 256 24834 3367 1861 21467 1110 757 134 353 3329
is_linear=0
shrinkage=0.05


Tree=6
num_leaves=31
num_cat=0
split_feature=1 4 1 5 5 4 1 3 4 4 1 5 1 5 5 1 4 5 5 3 1 1 1 4 4 5 5 4 1 1
split_gain=13.1148 23.6588 22.6629 17.2311 16.0692 18.9958 15.3182 13.5816 13.46 21.4958 11.1233 16.9226 14.5168 10.5954 10.5394 10.1349 9.89176 10.2676 9.81058 32.155 14.5719 13.6162 27.508 27.3613 15.8228 25.3309 16.6801 13.5623 12.6944 12.3802
threshold=790.44150000000013 0.99552630993306768 796.24950000000013 6228.6350000000011 8557.1650000000027 0.90760626636492592 754.95000000000016 2.5000000000000004 0.90152917256731691 0.98458894656509988 760.4910000000001 106075.15000000001 754.95000000000016 5667.3650000000007 231495.68000000002 409.52200000000005 0.036384541401800204 8938.3000000000011 46836.345000000008 5.5000000000000009 139.91750000000002 463.51700000000005 448.72250000000003 0.91051217571673859 0.70956380138822828 57512.715000000004 296008.36500000005 0.094460624020295564 139.91750000000002 729.87850000000014
decision_type=2 2 2 2 2 2 2 2 2 2 2 2 2 2 2 2 2 2 2 2 2 2 2 2 2 2 2 2 2 2
left_child=1 4 8 7 5 -1 18 -3 16 -10 12 -12 -5 -7 -8 -15 -2 -18 19 20 -6 22 24 -24 27 -26 -27 -20 -28 -23
right_child=2 3 -4 10 6 13 14 -9 9 -11 11 -13 -14 15 -16 -17 17 -19 21 -21 -22 29 23 -25 25 26 28 -29 -30 -31
leaf_value=0.009298128661912956 0.027356362299421667 -0.0037379245454966961 -0.0010530720497706129 -0.0054965940155521807 0.013261356553348813 -0.025732170878580759 0.011878938408958725 -0.097185799363741374 0.030947735109856229 -0.098907528716680182 0.018220417066465346 -0.097085615315811849 -0.09997545827093568 0.026141726818651387 0.084983720848548328 0.079956357538620862 0.024436601124501196 -0.081802492956489989 0.026041079832270442 -0.041121385567902929 -0.00087072944452742463 0.008870496944754145 -0.071094683974197756 0.036976781183609898 0.033107840742010897 -0.001256263491368755 0.088183876984323881 -0.0063611066197128106 0.013109279951327484 -0.018793722499720372
leaf_weight=295.81920849508606 2.9142233016900745 6.8334095291793338 10123.803073351039 938.59935903351288 198.67798983445391 4.5482198805548242 308.02771102939732 9.0214852718636376 12.462466526776554 4.2819260563701382 77.128939536400139 3.3189455354586235 4.0834441254846743 16.116455034352839 5.0104149165563276 19.138689549639821 2.5504979174584177 20.997536800103262 34.536523974966258 47.807333211414516 2227.3466176502116 1090.8802747331792 24.759025485720485 7.6713719703257075 85.212234795559198 275.28424864192493 9.2567148962989467 497.39186846080702 14.374691933393477 41.998796540312469
leaf_count=1529 10 53 59232 5755 912 37 1648 145 50 48 371 37 33 77 10 39 22 257 151 431 13211 5793 256 34 342 1558 8 3000 48 317
internal_value=-9.9662e-05 0.00170421 -0.00120729 -0.00518443 0.00307957 0.0136615 0.00235004 -0.0569101 -0.0373422 -0.00225924 -0.00438287 0.0134634 -0.00590585 0.04609 0.013049 0.0553557 -0.0595415 -0.0702957 0.00161479 -0.000513608 0.00028661 0.00414452 -0.000275247 -0.0455305 0.00132689 0.00905974 0.00220432 -0.00425733 0.0425169 0.00784491
internal_weight=16409.9 6242.84 10167 1038.99 5203.86 335.623 4868.24 15.8549 43.2067 16.7444 1023.13 80.4479 942.683 39.8034 313.038 35.2551 26.4623 23.548 4555.2 2473.83 2426.02 2081.37 948.487 32.4304 916.056 384.128 298.916 531.928 23.6314 1132.88
internal_count=95414 35795 59619 6394 29401 1682 27719 198 387 98 6196 408 5788 153 1658 116 289 279 26061 14554 14123 11507 5397 290 5107 1956 1614 3151 56 6110
is_linear=0
shrinkage=0.05


Tree=7
num_leaves=31
num_cat=0
split_feature=0 0 0 4 0 0 0 0 5 5 0 0 5 1 3 0 0 5 4 1 1 0 5 0 0 5 5 0 4 1
split_gain=686.132 88.9992 40.254 55.8388 47.7605 54.6781 48.5492 42.4486 37.6279 62.5746 46.7261 39.8936 35.0319 33.6583 30.7914 30.2673 29.762 28.4701 27.6617 26.8969 26.3674 25.1053 47.4859 55.135 69.5416 34.1772 33.415 28.1747 25.0909 24.5515
threshold=409.28500000000003 815.3805000000001 177.83950000000002 1.0000000180025095e-35 48.934500000000007 57.117000000000012 66.620500000000007 363.6280000000001 246809.16000000003 85103.595000000016 1117.0970000000002 1188.4780000000003 207388.72 990.44100000000014 2.5000000000000004 2126.9410000000003 49.360500000000009 86850.460000000006 1.0000000180025095e-35 772.83550000000014 1506.4965000000002 55.031000000000006 13176.940000000002 52.868500000000004 54.254000000000012 6966.2700000000013 49384.680000000008 55.537000000000006 0.98458894656509988 262.39700000000011
decision_type=2 2 2 2 2 2 2 2 2 2 2 2 2 2 2 2 2 2 2 2 2 2 2 2 2 2 2 2 2 2
left_child=2 12 3 -1 -5 16 -7 18 9 15 13 -12 -2 -11 20 -3 -6 -13 -4 28 -15 22 23 25 -25 -18 -23 -28 29 -19
right_child=1 8 7 4 5 6 -8 -9 -10 10 11 17 -14 14 -16 -17 21 19 -20 -21 -22 26 -24 24 -26 -27 27 -29 -30 -31
leaf_value=-0.071882863216850709 0.0056505716104528689 0.017080737108178239 0.053407306376744915 -0.0062359522889029002 -0.067019730600199584 0.0021155143319636343 -0.014293648831014883 -0.022343546806114178 0.044398810770174844 -0.056859149067825743 0.043159658595178396 -0.10151267912300391 -0.047001733277207018 0.037770617336621716 -0.045887767583847848 0.036679028876552007 -0.096155584542382808 -0.042773193171583644 0.00023795915409353013 -0.008063291299952282 -0.046797493929193058 -0.071366279327171003 -0.026597984297516215 -0.099862999649997994 0.05051703802385326 0.062963518434915641 -0.098441771868613082 -0.0058334026518647997 -0.059666556268011053 0.037634510442496778
leaf_weight=36.573792106471956 2700.8464891164913 3266.6115023163438 24.866602743975818 4087.8369952080538 44.612997815944254 548.96798285772093 2519.797096377355 220.93767829070566 118.86729221651331 52.831320525612682 68.252319602295756 6.6326860450208178 31.965291160158813 39.267067980021238 29.938595813699067 209.64852707152022 3.6599021595902732 10.569591833278535 1504.3751774845878 194.418296006741 12.044219673844053 59.902859083376825 367.50622036890127 17.841052176430821 13.508934030309321 43.302187880501151 9.6456337589770538 55.294463520869613 8.5493655535392445 93.23820144101046
leaf_count=651 13098 13197 115 27121 381 3339 17517 1905 368 435 212 68 431 147 182 944 85 64 9261 1084 80 584 2911 142 52 113 123 420 85 299
internal_value=-5.77915e-05 0.012028 -0.00871082 -0.010247 -0.00995693 -0.0140857 -0.0113582 -0.00185723 0.0166769 0.0158515 -0.000400774 0.00851951 0.00503471 -0.0257923 -0.00559156 0.0182627 -0.0276896 0.000975771 0.00110253 0.00319164 0.0179201 -0.0246149 -0.0190652 0.016285 -0.0350632 0.0505629 -0.0444329 -0.0195886 0.0226667 0.0294475
internal_weight=16402.3 6843.68 9558.63 7808.45 7771.88 3684.04 3068.77 1750.18 4110.87 3992 515.742 381.66 2732.81 134.081 81.2499 3476.26 615.274 313.408 1529.24 306.775 51.3113 570.661 445.818 78.3121 31.35 46.9621 124.843 64.9401 112.357 103.808
internal_count=95414 30694 64720 53439 52788 25667 20856 11281 17165 16797 2656 1812 13529 844 409 14141 4811 1600 9376 1532 227 4430 3303 392 194 198 1127 543 448 363
is_linear=0
shrinkage=0.05


Tree=8
num_leaves=31
num_cat=0
split_feature=0 0 0 0 0 5 5 0 5 5 0 5 0 0 5 5 0 0 6 0 5 5 5 5 0 5 5 0 5 5
split_gain=577.182 39.2461 40.5246 31.6509 31.0669 44.1246 51.5169 30.1765 38.7731 30.0528 37.9429 27.0082 25.8054 33.493 24.7304 53.7284 30.9082 27.2928 25.3243 24.1054 23.4861 51.1721 29.9713 29.6347 23.2127 33.1691 61.5147 28.356 136.55 43.0685
threshold=409.28500000000003 177.83950000000002 36.187000000000005 363.6280000000001 815.3805000000001 65463.950000000004 67591.825000000012 36.81600000000001 12211.165000000003 40165.545000000006 530.6500000000002 246809.16000000003 833.69700000000012 846.23550000000012 97443.22500000002 120454.57500000001 760.27350000000013 760.27350000000013 1.0000000180025095e-35 787.90600000000006 25744.280000000002 26196.975000000002 40165.545000000006 62661.55000000001 35.82500000000001 30508.850000000002 231495.68000000002 34.714500000000008 37444.230000000003 16192.265000000001
decision_type=2 2 2 2 2 2 2 2 2 2 2 2 2 2 2 2 2 2 2 2 2 2 2 2 2 2 2 2 2 2
left_child=1 2 24 -3 5 9 -7 8 -4 -2 -11 12 -6 20 17 16 -16 -8 -19 -20 -14 -22 -23 -24 27 -26 -27 -1 29 -29
right_child=4 3 7 -5 11 6 14 -9 -10 10 -12 -13 13 -15 15 -17 -18 18 19 -21 21 22 23 -25 25 26 -28 28 -30 -31
leaf_value=-0.0047012842659440203 0.005724328140134469 0.00123219145441308 0.046559603303250902 -0.019604327713267651 0.036996486432419817 -0.098410303308615873 -0.02256739703166737 -0.012009470751451711 -0.067323076284153405 0.035439524740629919 0.010717569449467432 0.037342886126784713 -0.1006978016192371 0.013043291471004316 0.03306249123528452 -0.012817414578249482 -0.1011544780762732 -0.057847120126497523 0.076765409684440802 0.0026375294745368243 0.097341243493303864 -0.099684843228846465 0.030775261836684876 -0.096322604480559862 0.052475594858308376 -0.040213212497818174 0.099851466610123549 -0.099746707608343033 -0.098372211525448297 0.036885015735364922
leaf_weight=2619.1229623452527 1234.7802291836124 1511.1532210737932 8.8999569211155158 207.24887035228312 110.52033812366426 14.462882343214003 205.6145979007706 4742.1904863824602 46.649249697104096 227.9980606099125 486.12078811763786 119.03729339665733 8.9575593885965628 3821.8689945250517 140.1239923122339 164.69027406303212 4.4248816366307429 9.3532992042601091 18.353027802892029 27.251708206254989 8.6297943592071515 12.782697007991372 16.672027090564374 6.3267430518753818 42.055503072217107 35.34458483196795 10.07312762737274 6.5541921555995932 43.338754291646183 48.058945235796273
leaf_count=18078 6909 9376 30 1905 368 163 1479 33865 340 802 2237 368 85 16057 447 1194 49 66 47 136 5 135 50 97 138 237 5 55 482 209
internal_value=-8.04784e-05 -0.00810505 -0.00964758 -0.00128081 0.0111872 0.00683294 -0.00521919 -0.0124386 -0.0490771 0.0104461 0.0186106 0.0138743 0.0131734 0.012494 -0.00285383 0.00670791 0.0289539 -0.0142014 0.0170984 0.0324693 -0.0268422 -0.0119458 -0.0383037 -0.00418815 -0.0048729 0.0204792 -0.00914847 -0.00568909 -0.0321018 0.0204877
internal_weight=15958.7 9320.69 7602.29 1718.4 6637.97 2533.17 584.275 4797.74 55.5492 1948.9 714.119 4104.8 3985.76 3875.24 569.812 309.239 144.549 260.573 54.958 45.6047 53.3688 44.4113 35.7815 22.9988 2804.55 87.4732 45.4177 2717.07 97.9519 54.6131
internal_count=95414 64720 53439 11281 30694 13529 3581 34235 370 9948 3039 17165 16797 16429 3418 1690 496 1728 249 183 372 287 282 147 19204 380 242 18824 746 264
is_linear=0
shrinkage=0.05


Tree=9
num_leaves=31
num_cat=0
split_feature=0 0 4 0 0 1 6 0 5 0 5 5 0 5 0 1 1 1 4 1 0 0 1 0 1 1 0 6 0 0
split_gain=473.365 41.1835 44.1847 33.9791 33.5148 21.7085 21.5397 55.3894 47.2259 43.8039 38.4985 27.0066 23.9811 38.2097 30.0911 22.2439 21.4064 20.7359 20.6709 32.8277 28.5299 24.1792 21.1006 20.4701 19.8413 17.8792 16.9391 27.8853 35.0872 33.1028
threshold=455.48050000000006 232.99050000000003 1.0000000180025095e-35 38.690500000000007 35.82500000000001 1045.6125000000004 1.0000000180025095e-35 285.22650000000004 42774.125000000007 302.63850000000008 5367.2850000000008 141521.39000000004 333.9790000000001 49314.840000000004 313.73800000000006 1488.7015000000004 1471.7860000000003 272.9165000000001 0.99999523405763624 626.83400000000017 39.284000000000006 46.25650000000001 369.08850000000007 16.867500000000003 1624.7240000000004 643.09550000000002 14.993500000000003 1.0000000180025095e-35 34.230000000000011 18.658500000000004
decision_type=2 2 2 2 2 2 2 2 2 2 2 2 2 2 2 2 2 2 2 2 2 2 2 2 2 2 2 2 2 2
left_child=1 2 23 4 26 18 7 8 -3 -9 -8 -10 13 14 -11 16 -14 -12 -5 22 -21 -22 -20 -1 -17 -23 -4 28 29 -28
right_child=-2 6 3 5 -6 -7 10 9 11 12 17 -13 15 -15 -16 24 -18 -19 19 20 21 25 -24 -25 -26 -27 27 -29 -30 -31
leaf_value=0.010089845890363864 0.0106612625362613 -0.0052871816252820962 0.001086922646257712 -0.006225716865725683 0.01254214070103171 -0.014766047892429402 0.068858014086527766 -0.072784710580171275 0.076031036999182067 0.0024674654970687632 0.01763934001849831 0.0064891228096351089 0.00038662886362333092 -0.097727184943395898 0.064872634313739019 -0.097750061392283552 0.090600761209930339 -0.0068177673176627544 -0.018323455759232176 0.087623585358485578 -0.049360531162250643 0.071111974761685834 -0.053431486449088877 -0.08762826032322403 -0.018745619941175566 -0.0063512362682142916 -0.040907763148276044 -0.0042650507257595916 -0.07174352747368018 -0.00887537376130163
leaf_weight=6.7906356249004594 6228.8891053330735 41.115979818627238 665.27617962867953 2390.9064913881011 275.08238500147127 2081.2563854751643 18.100663552992046 20.02904678764753 62.723428151104599 36.302604853641242 95.01335292076692 17.958148669451475 164.86206319066696 5.7667634449899188 41.284921837504953 9.6111817860510182 6.8487550728023043 986.56298944074661 89.647893197834492 7.7613474763929835 33.292529210448265 7.7303490508347741 81.893814304610714 25.426309972535819 45.898460483178496 204.66759665263817 98.04997258936055 1372.8705213975627 28.192424850305542 454.59662081184797
leaf_count=77 28816 286 4469 16206 2215 15390 43 223 104 172 470 82 1117 90 109 119 10 6993 667 12 272 21 1002 603 331 1404 916 9065 377 3753
internal_value=-2.28119e-05 -0.00712108 -0.00859709 -0.00835547 -0.00406019 -0.0108938 0.000318977 0.00950237 0.0383265 -0.0011167 -0.00345902 0.0605524 0.00350518 0.0264446 0.0356737 -0.00490997 0.00398486 -0.00466928 -0.00803186 -0.0181927 -0.00676038 -0.00974197 -0.035084 -0.0670314 -0.0324248 -0.00353192 -0.005804 -0.0081505 -0.0173341 -0.0145585
internal_weight=15604.4 9375.52 7823.44 7791.22 2894.07 4897.16 1552.08 452.401 121.798 330.604 1099.68 80.6816 310.575 83.3543 77.5875 227.22 171.711 1081.58 2815.9 424.994 253.452 245.69 171.542 32.2169 55.5096 212.398 2618.99 1953.71 580.839 552.647
internal_count=95414 66598 56449 55769 20795 34974 10149 2643 472 2171 7506 186 1948 371 281 1577 1127 7463 19584 3378 1709 1697 1669 680 450 1425 18580 14111 5046 4669
is_linear=0
shrinkage=0.05


Tree=10
num_leaves=31
num_cat=0
split_feature=0 0 4 0 0 0 4 0 0 0 0 0 1 0 0 6 6 0 0 1 0 0 1 0 0 6 0 1 3 1
split_gain=326.565 42.7931 38.0452 33.5391 29.6238 33.2798 30.5852 25.3794 22.9923 26.1104 23.9981 22.3502 20.6023 31.9607 20.6398 23.6947 19.2531 27.3686 20.8311 17.6193 19.3061 31.8809 16.5442 16.3794 51.2351 38.8311 104.867 27.327 25.4013 22.4535
threshold=177.83950000000002 21.533500000000004 1.0000000180025095e-35 455.48050000000006 25.214500000000005 37.211000000000006 0.98848059405287547 2.7310000000000003 24.168000000000003 23.078500000000002 24.604500000000005 186.21350000000004 1379.7625000000003 9.5165000000000024 12.045000000000002 1.0000000180025095e-35 1.0000000180025095e-35 354.62550000000005 238.95600000000005 576.97300000000007 346.46400000000006 285.22650000000004 1463.9810000000002 1606.5660000000003 1677.7765000000002 1.0000000180025095e-35 1802.6445000000001 1862.9995000000001 4.5000000000000009 2300.6720000000005
decision_type=2 2 2 2 2 2 2 2 2 2 2 2 2 2 2 2 2 2 2 2 2 2 2 2 2 2 2 2 2 2
left_child=1 7 -3 11 8 6 -6 -1 9 -4 -10 -2 -9 22 -15 -16 17 18 -13 -20 21 -21 -14 -5 28 26 29 -28 -25 -26
right_child=3 2 4 23 5 -7 -8 12 10 -11 -12 16 13 14 15 -17 -18 -19 19 20 -22 -23 -24 24 25 -27 27 -29 -30 -31
leaf_value=-0.048643365923824899 0.026806781517014877 -0.083012735572508461 -0.029288871048558193 0.0077907912415207479 0.0033058258682033231 -0.010035653150279676 -0.018857668320148371 0.0054332503743606203 -0.084358176702422571 0.001321244046095277 -0.026435932977736099 0.00084589358663611557 -0.096531303043591338 -0.05380554332990705 -0.046053933612079989 -0.002532278695599213 -0.0030766527057496389 -0.011225130474681162 -0.0035922419711736289 0.045965230550747346 0.076675687097708861 0.0056763850910021936 0.018499741512277245 0.025836554682216087 -0.082121273355074187 0.014932610050699553 0.014900872756245473 -0.059569059907354151 0.065434546263636137 0.040772878691385309
leaf_weight=25.405329013708979 83.395641060080379 17.416563028469682 163.45317823532969 5071.9533387866104 932.16626461106353 4475.7263853386976 186.86310436786152 956.60191880248021 27.591297117993236 121.41598493023776 50.819452286930755 183.23466615029611 3.236349591985344 37.947810601908714 41.226456399541348 129.54336117021739 1289.7245234176517 143.5058101080358 51.438635125756264 91.280309653375298 19.308865200728178 106.26488738693297 91.479392038658261 245.86855725338683 47.308416239917278 554.30748648243025 156.93181639770046 13.368199665565042 48.486239315010607 4.0336303198710075
leaf_count=378 367 529 1100 23871 6945 33190 1710 6068 349 743 368 1083 56 349 444 939 9123 1209 300 290 45 702 514 661 351 2766 764 170 80 13
internal_value=0.000261202 -0.00744119 -0.00922153 0.00715681 -0.00900582 -0.00810742 -0.000395185 0.000834819 -0.0228418 -0.0162423 -0.0468177 0.00147667 0.00183242 -0.00951954 -0.020451 -0.0130391 0.000355883 0.00779585 0.0138412 0.0227165 0.028957 0.0242928 0.0145692 0.00897689 0.0145976 0.00785977 -0.0098288 0.00905514 0.0323592 -0.0724662
internal_weight=15371.3 7260.89 5975.45 8110.41 5958.04 5594.76 1119.03 1285.44 363.28 284.869 78.4107 1968.15 1260.04 303.433 208.718 170.77 1884.76 595.033 451.527 268.293 216.854 197.545 94.7157 6142.26 1070.3 775.95 221.642 170.3 294.355 51.342
internal_count=95477 53682 44934 41795 44405 41845 8655 8748 2560 1843 717 13119 8370 2302 1732 1383 12752 3629 2420 1337 1037 992 570 28676 4805 4064 1298 934 741 364
is_linear=0
shrinkage=0.05


Tree=11
num_leaves=31
num_cat=0
split_feature=0 0 0 0 4 3 1 0 0 1 0 0 3 1 1 0 0 0 4 0 0 0 1 0 1 3 4 0 0 4
split_gain=288.825 46.4237 34.864 36.7105 34.7236 28.3051 24.4859 27.1175 23.0552 41.1519 27.4385 25.0745 20.9924 20.505 19.5358 18.4254 17.5566 20.8159 19.771 18.7377 20.002 30.7935 18.4145 17.4641 23.0707 17.7421 26.5481 17.4003 19.3756 16.6691
threshold=177.83950000000002 18.118500000000001 1606.5660000000003 1677.7765000000002 1.0000000180025095e-35 3.5000000000000004 1009.5435000000001 5.5870000000000006 19.782500000000002 655.70550000000014 19.249000000000006 20.416500000000003 4.5000000000000009 1407.1400000000001 1784.1535000000001 17.381000000000004 40.374500000000005 25.214500000000005 0.98848059405287547 26.034000000000002 27.404500000000002 28.094000000000005 2252.6570000000006 26.645500000000002 373.25000000000006 2.5000000000000004 0.30749348128603321 478.61950000000007 192.89900000000003 0.31192102774027858
decision_type=2 2 2 2 2 2 2 2 2 2 2 2 2 2 2 2 2 2 2 2 2 2 2 2 2 2 2 2 2 2
left_child=1 6 27 12 -3 29 7 -1 9 -6 14 13 -4 -10 -11 -8 17 -13 19 -19 23 -22 -18 25 -25 26 -21 28 -2 -5
right_child=2 4 3 5 8 -7 15 -9 11 10 -12 16 -14 -15 -16 -17 22 18 -20 20 21 -23 -24 24 -26 -27 -28 -29 -30 -31
leaf_value=-0.033882071349503939 0.019281982637247272 -0.080109331636320696 0.024487981233776598 -0.0053404046200119133 -0.071018676846045375 -0.010166746495865667 -0.0040126650907697826 0.013269453373381299 0.032491056027521434 0.011655902628854476 -0.065010398598598015 -0.014201280572937095 0.061118991651160595 -0.039910869088587743 -0.097232126812915126 -0.066710805111029864 -0.0097872282017692769 0.031662660517394678 -0.014877940487553021 -0.09755054043834667 0.035748820807552824 -0.00054120715714427853 -0.039769059637432734 0.062498506471707127 -0.083391297014657154 -0.068676731967233451 0.037576509964277534 0.0071262507696832804 0.00042398632868012815 0.017700121969714894
leaf_weight=32.49104802403599 146.19644832843915 16.966846202500165 243.53202331531793 92.507365762721747 40.692959967534989 147.89887736999663 406.57282709982246 495.81404099904466 61.719940342474729 63.39734721253626 17.904352456331253 401.92334947129712 46.594712908379734 11.620295437984167 4.4054148728027931 12.065586457028983 4131.1077039533993 49.016982838045806 222.44837885396555 4.3843563431873944 62.214993925299495 967.32422698230948 51.856395239941776 3.1500446172431138 19.393701559398323 8.5543257179670018 21.263231409247965 4843.7046494547976 1993.6422005395871 518.40580108377617
leaf_count=428 745 562 661 558 407 945 3095 2787 278 383 251 3323 80 105 58 160 30473 281 2132 66 290 7580 504 17 273 120 109 22776 13469 2561
internal_value=0.000248141 -0.00709438 0.00674403 0.0152436 -0.00867896 0.00945975 0.00321241 0.0103696 -0.00848165 -0.0296149 -0.00995674 -0.00803763 0.030371 0.0210194 0.00458101 -0.00581969 -0.00839623 -0.00420611 -0.00124732 0.00142343 5.89308e-05 0.0016518 -0.0101589 -0.0288405 -0.0630061 -0.00632074 0.0144771 0.00546738 0.00171239 0.0142112
internal_weight=15138.8 7106.29 8032.48 1048.94 6159.34 758.812 946.944 528.305 6142.38 126.4 85.7071 6015.98 290.127 73.3402 67.8028 418.638 5942.64 1759.67 1357.75 1135.3 1086.28 1029.54 4182.96 56.7457 22.5437 34.2019 25.6476 6983.54 2139.84 610.913
internal_count=95477 53682 41795 4805 47212 4064 6470 3215 46650 1099 692 45551 741 383 441 3255 45168 14191 10868 8736 8455 7870 30977 585 290 295 175 36990 14214 3119
is_linear=0
shrinkage=0.05


Tree=12
num_leaves=31
num_cat=0
split_feature=0 0 0 0 3 0 0 0 1 4 4 0 0 0 1 1 0 4 4 0 4 1 0 4 3 3 0 0 0 4
split_gain=230.483 54.328 32.6462 44.4393 20.0823 17.4344 23.2772 21.2121 18.1504 20.2013 20.1984 17.6981 18.8357 24.5502 34.1922 21.3473 29.123 16.8316 16.3175 16.2788 27.474 29.9449 26.7452 25.8481 16.6192 16.1119 15.9484 15.1525 26.7484 23.0186
threshold=177.83950000000002 37.211000000000006 1606.5660000000003 1677.7765000000002 4.5000000000000009 2.7310000000000003 6.9585000000000008 5.5870000000000006 1666.191 0.82170617283710901 0.22942945563960507 8.354000000000001 15.537000000000001 14.993500000000003 1085.5025000000003 643.09550000000002 13.657000000000002 0.10781537486027841 0.65943651126615077 35.099000000000011 0.92416346222781431 244.21700000000001 33.736000000000004 0.18500885534517561 5.5000000000000009 3.5000000000000004 36.81600000000001 25.214500000000005 23.719000000000005 0.98848059405287547
decision_type=2 2 2 2 2 2 2 2 2 2 2 2 2 2 2 2 2 2 2 2 2 2 2 2 2 2 2 2 2 2
left_child=1 5 -2 4 -4 -1 7 -7 11 10 -10 18 13 15 -15 16 -13 -3 -8 22 21 -21 27 -24 -25 -20 -11 28 -14 -29
right_child=2 17 3 -5 -6 6 8 -9 9 26 -12 12 19 14 -16 -17 -18 -19 25 20 -22 -23 23 24 -26 -27 -28 29 -30 -31
leaf_value=-0.043834312617291461 0.0048141105428421418 -0.034538844534749424 0.02563038922419927 0.0080731679312921519 0.06257220369199222 -0.0082809214359888233 -0.072546447384369259 0.037196016741232719 -0.095660673932418741 -0.044099287967289742 -0.0029932868815915749 -0.0034248897692889316 -0.0025752428209605462 0.061288696197642559 -0.028124518745286837 0.012447504666908204 -0.079576364227302687 -0.0093845916027464026 0.013485286315683029 -0.095541298209697909 -0.030612002477584312 0.027816273421494016 0.046288477277860743 -0.038911533530959837 0.055649187681996976 -0.099910760991306316 0.061962840665463328 0.0088165261794316014 -0.031066549260597716 -0.014425895121395272
leaf_weight=23.073195280507207 6968.9517186345765 67.541809011716396 233.94572694925591 762.08837630483322 43.653632908128202 38.717509346548468 15.707318960689006 75.922634636983275 6.0614205575548104 60.648140600183979 196.85431330790743 109.89905372133944 570.99964377039578 44.602268489077687 14.063401615247129 307.32392122328747 14.174406683072446 4325.5971652709413 18.328578637912873 5.1177372368983916 29.11518726637587 127.08291361806914 10.976593960076569 98.004347813082859 4.8778044600039712 3.7782414928078643 3.7643417306244364 517.61295145121403 96.26681327726692 134.13082861574367
leaf_count=378 36990 958 661 4064 80 393 171 390 113 706 1567 674 4616 169 172 1797 143 32633 97 93 396 840 63 953 22 47 9 4022 1014 1246
internal_value=0.000272078 -0.00641128 0.00604714 0.0143121 0.0314396 -0.00057014 -0.000171485 0.0218371 -0.00122743 -0.0135054 -0.00576141 0.000319295 0.000934339 0.00950728 0.0398545 0.00538037 -0.0121246 -0.00977132 -0.0335809 -0.00170104 0.0133573 0.0230409 -0.00339634 -0.0266467 -0.0344283 -0.00589505 -0.0379009 -0.00138934 -0.0066857 0.00403317
internal_weight=14928.9 6920.24 8008.64 1039.69 277.599 2527.1 2504.03 114.64 2389.39 267.328 202.916 2122.06 2084.25 490.063 58.6657 431.397 124.073 4393.14 37.8141 1594.18 161.316 132.201 1432.87 113.859 102.882 22.1068 64.4125 1319.01 667.266 651.744
internal_count=95477 53682 41795 4805 741 20091 19713 783 18930 2395 1680 16535 16220 2955 341 2614 817 33591 315 13265 1329 933 11936 1038 975 144 715 10898 5630 5268
is_linear=0
shrinkage=0.05


Tree=13
num_leaves=31
num_cat=0
split_feature=0 0 0 0 5 5 5 5 5 5 0 5 0 0 5 0 0 0 0 0 0 0 0 5 5 0 0 0 5 0
split_gain=179.621 63.602 25.8786 47.989 24.057 96.2174 21.5475 28.6066 15.9188 19.6032 41.1847 19.3646 32.7411 61.3419 24.2373 53.6441 31.756 29.7671 22.5486 19.7601 19.1119 37.8692 21.489 27.6968 27.748 18.9036 27.7272 17.6096 17.6059 26.8545
threshold=177.83950000000002 39.284000000000006 1606.5660000000003 1677.7765000000002 25612.985000000004 44668.840000000004 47953.055000000008 51475.465000000004 44668.840000000004 67591.825000000012 37.211000000000006 28117.240000000002 22.411500000000004 23.078500000000002 37491.270000000011 26.645500000000002 37.211000000000006 37.626500000000007 34.714500000000008 34.230000000000011 21.533500000000004 19.249000000000006 21.947500000000002 34687.535000000011 28632.465000000004 9.5165000000000024 10.429000000000002 6.9585000000000008 55307.87000000001 33.736000000000004
decision_type=2 2 2 2 2 2 2 2 2 2 2 2 2 2 2 2 2 2 2 2 2 2 2 2 2 2 2 2 2 2
left_child=1 8 -2 4 -4 -6 -7 -8 11 10 28 18 20 -14 -15 -16 -17 -18 19 -1 21 -13 -22 24 -24 27 -27 -11 -10 -30
right_child=2 -3 3 -5 5 6 7 -9 9 25 -12 12 13 14 15 16 17 -19 -20 -21 22 -23 23 -25 -26 26 -28 -29 29 -31
leaf_value=-0.003460075901071303 0.0042442015496902642 -0.0095088818406414699 0.048830404537327898 0.0063500142904460823 -0.08598470174176541 0.07772178418669369 -0.10507160731055565 0.029020950741448955 -0.00068311555208932899 -0.01024791708622535 -0.094243612978215596 0.023255573893150548 -0.099907144328241618 0.013063811609249514 0.053529784964469654 -0.084897878880025562 0.08335077245039732 -0.10146258979226741 0.018762483913504522 -0.097400986909734144 0.088216437338298648 -0.04985257678410171 0.10412623292517083 0.061766249289159393 -0.099798511800899437 -0.099382773422578008 -0.00059451480433590244 0.042010499079126733 -0.016481289906701193 -0.095749675818316712
leaf_weight=683.85742079035845 6963.4857091214508 4203.6989735674579 110.1548842410557 770.69387850014027 19.375531054101884 22.504331374540925 4.1221865806728593 113.2207418596372 234.68004253529944 23.875880030915141 14.862588603980837 223.12010960385669 14.93069341778755 185.56092348066159 15.290822004899381 27.692688695387915 6.3827967215329391 3.3079230510629714 126.15239767869934 5.644022610038518 22.04942665528506 19.240561971673742 2.2135187387466431 14.779456650838256 6.7704456076025963 7.172995093278586 726.91862826433498 49.628139546141028 153.15622233599424 11.485847041010855
leaf_count=6163 36990 32105 251 4064 153 27 32 278 2096 194 328 1482 102 1256 64 615 21 60 1084 119 40 271 2 42 77 80 5621 171 1462 227
internal_value=0.000269876 -0.00571659 0.005343 0.0126997 0.0308661 0.0184379 0.0329054 0.0243104 0.000465291 -0.00367481 -0.0125186 0.00419286 0.0115245 -0.00159463 0.00456682 -0.0253664 -0.0576371 0.0202648 -0.000673079 -0.00422904 0.02305 0.0174517 0.0526664 0.0196805 -0.0495544 0.000860813 -0.0015598 0.0250357 -0.00947679 -0.0220113
internal_weight=14786 6782.47 8003.56 1040.07 269.378 159.223 139.847 117.343 2578.77 1221.78 414.185 1356.99 541.339 253.166 238.235 52.6742 37.3834 9.69072 815.654 689.501 288.174 242.361 45.8128 23.7634 8.98396 807.596 734.092 73.504 399.322 164.642
internal_count=95477 53682 41795 4805 741 490 337 310 21577 10179 4113 11398 4032 2118 2016 760 696 81 7366 6282 1914 1753 161 121 79 6066 5701 365 3785 1689
is_linear=0
shrinkage=0.05


Tree=14
num_leaves=31
num_cat=0
split_feature=0 0 0 0 0 3 0 0 4 4 3 0 3 4 4 4 4 0 3 4 4 1 4 3 1 1 1 1 1 1
split_gain=143.845 67.3671 16.3711 25.5956 20.7517 34.0661 24.6814 44.3609 54.4305 27.082 52.591 23.1115 27.1345 22.2311 20.0955 22.486 19.9465 18.9145 17.4738 16.9002 16.5235 35.3581 30.3906 28.9729 16.4598 21.9182 17.2419 21.5701 26.8104 15.8375
threshold=177.83950000000002 37.211000000000006 1450.7325000000003 1419.1760000000002 1717.0580000000002 3.5000000000000004 1606.5660000000003 1541.7675000000002 0.6420022922188916 0.1891233735152644 1.5000000000000002 1968.5690000000002 4.5000000000000009 0.9358377798968549 0.37631896218916244 0.27139429197166004 0.91642690197635945 2377.5740000000005 3.5000000000000004 0.60993290438113357 0.64551080311869147 1742.8345000000002 0.79412443683975253 1.5000000000000002 139.91750000000002 456.72300000000001 1296.0850000000003 1579.3140000000001 1595.9395000000002 1137.9280000000001
decision_type=2 2 2 2 2 2 2 2 2 2 2 2 2 2 2 2 2 2 2 2 2 2 2 2 2 2 2 2 2 2
left_child=1 -1 3 -2 5 6 7 13 9 -9 19 12 14 -4 15 -6 -5 -13 -18 -11 -16 24 -23 -24 -22 -26 -27 -28 -29 -10
right_child=2 -3 4 16 11 -7 -8 8 29 10 -12 17 -14 -15 20 -17 18 -19 -20 -21 21 22 23 -25 25 26 27 28 -30 -31
leaf_value=0.0015677782021924339 0.0038719313805793717 -0.008900113164938446 0.017645469160892636 -0.06550090164822138 -0.0087533559191768067 0.030371867072582322 0.020453509553902377 0.048859003412366958 -0.042124523188193368 -0.1028920420503581 0.01000322766131637 0.015810055470976275 -0.066380149877032876 -0.024388846060744734 0.017412355618983213 -0.080349142253855518 0.033640954608947775 -0.014379801973478049 -0.098920282718548469 0.046431939868151001 0.035702175224782438 -0.10098942499282755 -0.099762102871783054 0.062011188641984162 -0.10090854036882398 -0.0077684453870954032 -0.10122205799848294 0.088851261500029199 -0.065912405192449758 -0.10296127036416741
leaf_weight=2389.9803028436145 6353.5300550869433 4306.4162882452365 246.74582555051893 23.702181231696159 32.566005979198962 239.98848550952971 264.29692174936645 21.163681431207806 24.632989571429789 17.098764097318057 53.759502185508609 324.04932850250043 18.28266957285814 36.05106734787114 103.47030641499441 16.534969082800671 12.506193568930028 61.771173688641284 3.1027139248326412 2.1309873759746543 10.630583977326749 3.8228534548543385 3.0372717948630443 31.183163948589936 9.7563873565522936 62.168096398934722 13.100907844258474 4.4533173441886884 7.5301761777373031 18.910262965131551
leaf_count=20091 34759 33591 683 262 206 667 852 50 128 113 168 1477 196 173 484 164 67 376 51 4 21 47 21 93 99 347 106 4 60 117
internal_value=0.000245753 -0.00516407 0.00476276 0.00362307 0.00924048 0.0141614 0.00848033 0.000954709 -0.0223191 -0.000940767 -0.0153805 0.00276123 -0.00725228 0.0122869 -0.0036278 -0.0328636 -0.0365982 0.0109766 0.00729064 -0.0863444 0.00213374 -0.00871781 0.0327162 0.0476528 -0.0233619 -0.0298344 -0.021887 -0.056878 -0.00839898 -0.0685451
internal_weight=14716.4 6696.4 8019.98 6392.84 1627.14 924.778 684.79 420.493 137.696 94.1529 72.9893 702.357 316.537 282.797 298.254 49.101 39.3111 385.821 15.6089 19.2298 249.153 145.683 38.0433 34.2204 107.639 97.0089 87.2525 25.0844 11.9835 43.5433
internal_count=95477 53682 41795 35139 6656 2955 2288 1436 580 335 285 3701 1848 856 1652 370 380 1853 118 117 1282 798 161 114 637 616 517 170 64 245
is_linear=0
shrinkage=0.05


Tree=15
num_leaves=31
num_cat=0
split_feature=0 0 0 0 0 0 6 0 5 5 5 5 5 5 0 0 0 5 5 1 0 5 5 5 5 5 5 0 5 0
split_gain=194.596 58.939 50.996 32.7145 31.2376 41.5737 37.3732 28.2663 28.0707 24.0568 21.5237 22.8109 21.4747 19.3564 32.2752 50.2817 19.0465 33.42 66.6405 18.2389 17.9136 30.9903 38.8371 75.7859 21.777 26.7058 30.1383 36.848 21.6721 20.8935
threshold=321.72200000000004 43.758000000000003 44.266000000000012 1450.7325000000003 152.20900000000003 143.67200000000003 1.0000000180025095e-35 1479.7780000000002 363436.23000000004 13911.720000000003 20590.875000000004 17942.125000000004 296008.36500000005 42774.125000000007 285.22650000000004 238.95600000000005 1510.8130000000003 41562.30000000001 53456.795000000006 1427.7940000000001 1850.7015000000004 13345.710000000001 40165.545000000006 55979.865000000005 6525.1400000000003 10867.475 16192.265000000001 1642.5695000000003 14437.015000000001 1606.5660000000003
decision_type=2 2 2 2 2 2 2 2 2 2 2 2 2 2 2 2 2 2 2 2 2 2 2 2 2 2 2 2 2 2
left_child=1 -1 -3 12 5 -4 9 -5 16 -6 11 -8 -2 -11 15 -15 17 -9 -19 -20 24 -22 -23 -24 -18 29 27 -27 -29 -26
right_child=3 2 4 7 6 -7 10 8 -10 13 -12 -13 -14 14 -16 -17 20 18 19 -21 21 22 23 -25 25 26 -28 28 -30 -31
leaf_value=-0.00013184982899382339 0.0041695458335994908 -0.09539867907535865 -0.010672813662683923 0.033057697731141714 0.057070149287045624 -0.058370627130128576 -0.017269538176118798 -0.050258493482954129 0.06068598336277127 -0.0067111154127184923 -0.0040169894606166571 -0.076763298299414529 -0.05500580861061817 0.0055661778009912805 -0.05966870632780992 0.057365077965249089 -0.072236015586648036 0.056797606812980031 -0.10296550177165793 -0.0080132200946910048 -0.033156465253297483 0.020537510391401399 -0.06517389658660884 0.0085152394932980855 0.0033931470417405819 -0.10386877729260309 0.015709308758613556 0.013938085179231141 -0.10342061839428236 0.059373668668892876
leaf_weight=2957.3593032072531 5285.9060216765502 17.054981713648885 3413.2900438678917 147.89809076767415 25.307619306491688 46.303486256860197 183.90616225241683 36.240712784230709 26.86133734928444 160.14437592518516 727.27333817351609 17.658710362389684 15.376105434726922 168.80450435588136 13.46462702937424 64.847658560611308 7.0455891576129934 32.2796237366274 10.867097790003756 9.4599845837801677 52.614864511415362 246.26882055599708 46.303568603296299 141.57223791512661 23.431006314698607 11.412320814328266 655.04598419822287 31.446325980126858 4.4962414579931638 57.74485536525026
leaf_count=24639 27478 373 26406 364 117 761 1469 192 56 1110 4836 314 241 878 169 111 68 59 81 40 346 1083 396 774 75 111 2701 148 41 159
internal_value=-0.000291541 -0.00569262 -0.00909176 0.00586192 -0.00878643 -0.0113112 -0.00237051 0.0122745 0.010068 0.00976893 -0.00802396 -0.0224817 0.00399791 0.00682958 0.0156046 0.0199424 0.00907281 -0.013312 0.0121404 -0.0587758 0.0106298 0.00308358 0.00747559 -0.00964607 0.0152757 0.0160626 0.0129246 -0.0255958 -0.000742921 0.0432152
internal_weight=14637.7 7795.41 4838.06 6842.27 4821 3459.59 1361.41 1540.99 1393.09 432.569 928.838 201.565 5301.28 407.261 247.117 233.652 1366.23 88.8474 52.6067 20.3271 1277.38 486.759 434.145 187.876 790.622 783.577 702.401 47.3549 35.9426 81.1759
internal_count=95596 61183 36544 34413 36171 27167 9004 6694 6330 2385 6619 1783 27719 2268 1158 989 6274 372 180 121 5902 2599 2253 1170 3303 3235 3001 300 189 234
is_linear=0
shrinkage=0.05


Tree=16
num_leaves=31
num_cat=0
split_feature=0 0 0 0 0 0 5 5 5 5 5 0 0 0 6 0 5 3 5 5 5 5 0 0 0 5 0 5 5 5
split_gain=197.16 55.8576 45.574 25.8878 34.9482 23.1487 25.6876 20.6926 68.8183 32.6757 30.5098 24.535 22.6167 20.1384 19.9776 23.0401 28.3606 26.478 22.8654 19.5428 32.521 25.7514 37.4002 28.3563 65.2733 30.8598 25.2781 36.6054 23.695 33.4155
threshold=313.73800000000006 41.128000000000007 1450.7325000000003 152.20900000000003 143.67200000000003 1479.7780000000002 363436.23000000004 83696.635000000024 126967.65000000001 107725.14000000001 81014.645000000004 1907.0370000000003 1541.7675000000002 1510.8130000000003 1.0000000180025095e-35 159.98200000000003 42774.125000000007 3.5000000000000004 46255.100000000006 60147.975000000006 64075.470000000008 41562.30000000001 1510.8130000000003 1541.7675000000002 1574.7045000000001 10627.450000000003 1850.7015000000004 55979.865000000005 65179.67500000001 68848.005000000019
decision_type=2 2 2 2 2 2 2 2 2 2 2 2 2 2 2 2 2 2 2 2 2 2 2 2 2 2 2 2 2 2
left_child=1 -1 -2 4 -3 -4 7 10 9 11 19 12 -9 -10 15 -5 17 -17 -18 21 -21 22 -7 25 -25 -24 -23 -28 -22 -30
right_child=2 3 5 14 -6 6 -8 8 13 -11 -12 -13 -14 -15 -16 16 18 -19 -20 20 28 26 23 24 -26 -27 27 -29 29 -31
leaf_value=0.00010584116820908589 0.003740414610241024 -0.010462316865944944 0.032771753643779093 0.067226600013870735 -0.056439066299039858 -0.043187444524974611 0.061378247708408086 -0.10226658894340981 -0.09999794610048568 -0.10270241241869316 0.062510862156109334 -0.10149948912058862 0.0064121045649292068 0.0214027427674582 -0.0070242838608113867 -0.005844514001006277 0.069445398545392098 -0.074689220451037125 0.010324760932264617 -0.10374848731965143 0.056053374328292077 0.034649915090797435 -0.1025033469135837 -0.079927996802801105 0.010967861131856162 0.047342056444818557 -0.050685270755699223 0.033434393199300062 -0.068546241665476987 0.0072252969920033249
leaf_weight=2656.8144837883301 5361.4551177488756 3690.5675927835982 142.62523163482547 14.916389040648935 41.800312072504312 32.70040626404807 25.422040205448866 5.5293898277450344 3.5182046024128786 18.035216067102738 30.506012306548655 8.4951553894206864 35.664111035875976 117.63340601325035 898.89087502518669 142.0748216486536 17.617536453530192 15.489022630965335 228.14831585902721 8.338402886874972 15.362462618388234 217.44131472785375 3.6061204816214731 20.414842005353421 607.32975425058976 72.809230906888843 23.328516059555113 29.021505970973521 19.483616169542074 57.466643028426915
leaf_count=22696 28095 28722 364 67 761 192 56 55 30 241 57 141 211 408 6296 939 22 189 1115 119 36 675 27 201 2844 176 367 91 124 279
internal_value=-0.000275154 -0.00576272 0.00589284 -0.00885048 -0.0109772 0.0136134 0.0115925 0.0106385 -0.00468795 -0.0450551 0.0131826 -0.0241311 -0.0081758 0.0178773 -0.00282391 0.0062035 0.00394668 -0.0126122 0.0145628 0.0118237 -0.00918315 0.0139241 0.00908509 0.0115126 0.00801184 0.0402707 0.0271403 -0.00405149 -0.000641268 -0.0119599
internal_weight=14562.5 7706.32 6856.19 5049.5 3732.37 1494.73 1352.11 1326.68 188.875 67.7239 1137.81 49.6887 41.1935 121.152 1317.14 418.246 403.33 157.564 245.766 1107.3 100.651 1006.65 736.86 704.16 627.745 76.4154 269.791 52.35 92.3127 76.9503
internal_count=95596 60807 34789 38111 29483 6694 6330 6274 1086 648 5188 407 266 438 8628 2332 2265 1128 1137 5131 558 4573 3440 3248 3045 203 1133 458 439 403
is_linear=0
shrinkage=0.05


Tree=17
num_leaves=31
num_cat=0
split_feature=0 0 0 0 0 0 6 5 4 5 5 0 5 0 5 0 0 6 5 5 5 5 5 5 5 5 0 0 5 0
split_gain=201.293 69.7314 50.2713 32.3288 22.3056 32.2443 20.3175 18.4657 18.125 17.0877 26.3233 21.8803 16.7791 16.1339 23.0188 17.2304 14.8015 38.7284 36.1959 26.537 20.726 23.0452 17.6881 26.5089 14.4161 16.177 14.1318 23.2242 20.4764 17.4295
threshold=313.73800000000006 1450.7325000000003 38.113500000000009 1677.7765000000002 152.20900000000003 143.67200000000003 1.0000000180025095e-35 296008.36500000005 0.10781537486027841 363436.23000000004 49993.630000000005 1541.7675000000002 49197.475000000006 5.5870000000000006 24129.875000000004 12.945500000000001 1642.5695000000003 1.0000000180025095e-35 31517.040000000005 19971.395000000004 9976.0850000000009 9446.635000000002 21450.380000000001 25744.280000000002 20590.875000000004 17942.125000000004 285.22650000000004 248.25750000000002 42774.125000000007 266.89750000000004
decision_type=2 2 2 2 2 2 2 2 2 2 2 2 2 2 2 2 2 2 2 2 2 2 2 2 2 2 2 2 2 2
left_child=2 7 13 9 5 8 26 -2 -4 10 11 -3 16 14 -1 -15 17 -13 19 20 21 -19 -21 -24 25 -8 27 -6 29 -29
right_child=1 3 4 -5 6 -7 24 -9 -10 -11 -12 12 -14 15 -16 -17 -18 18 -20 22 -22 -23 23 -25 -26 -27 -28 28 -30 -31
leaf_value=0.013846960863891001 0.0035389202478754282 0.039579012901392922 -0.037461065409352103 0.0084503361460706704 0.002935079491116602 -0.055199694608904927 -0.0153592832507164 -0.053979140383706471 -0.0095554455580391644 0.072791248829732647 0.0081151592299526024 0.036749539270376566 -0.10414171241606154 0.01004219259978764 -0.049914613444166145 -0.0011780823490173239 0.036064405565403301 -0.10267550779245505 -0.10432599907330647 0.062000182876677405 -0.10216667211193903 0.075955471475587982 -0.1022475039158634 0.018805495797963312 -0.0039527930230580403 -0.070689763953716567 -0.017778734772430617 0.024262432637227788 0.054823382837983707 -0.058109097610342386
leaf_weight=22.936155478470027 5349.6967412472586 238.07977018866222 59.084106776164845 735.07240199646913 281.78853137395345 39.822494443971664 167.44540748139843 13.990485031856222 3837.030973397661 17.115149679128081 223.41536415959126 67.144283596309833 2.7842451725155106 413.97764441766776 36.971460943575948 1972.2856082896469 83.146405782084912 2.9238931311992955 9.993494119262321 15.386372171808032 9.818298578495158 4.7204889096319675 5.5813047760166254 23.840042143827304 713.80599310609978 14.341657694894819 53.525156431365758 26.379240419249982 46.807111708447337 8.4885254187975061
leaf_count=179 27851 732 892 4101 1659 761 1288 244 29730 26 912 218 24 2631 587 17399 231 51 119 24 125 7 50 74 4729 279 407 116 77 73
internal_value=-0.00025509 0.00601097 -0.00579478 0.0157843 -0.00855382 -0.0104362 -0.0029094 0.00338889 -0.00997863 0.0234425 0.0222127 0.0290092 0.0178418 0.000125056 -0.0255029 0.000768452 0.0193679 0.00940963 -0.0159934 -0.00181725 -0.0541021 0.00763106 0.0185595 -0.00415857 -0.00715412 -0.0197244 0.00620725 0.00973952 0.0332157 0.00420916
internal_weight=14497.4 6802.71 7694.69 1439.02 5248.52 3935.94 1312.58 5363.69 3896.12 703.949 686.834 463.419 225.339 2446.17 59.9076 2386.26 222.555 139.408 72.2639 62.2704 17.4627 7.64438 44.8077 29.4213 895.593 181.787 416.989 363.463 81.6749 34.8678
internal_count=95596 34789 60807 6694 40011 31383 8628 28095 30622 2593 2567 1655 923 20796 766 20030 899 668 450 331 183 58 148 124 6296 1567 2332 1925 266 189
is_linear=0
shrinkage=0.05


Tree=18
num_leaves=31
num_cat=0
split_feature=0 0 0 0 0 0 6 5 5 5 5 6 5 5 1 5 5 5 5 5 5 5 0 5 0 0 5 5 0 0
split_gain=184.508 60.2128 45.7022 32.8288 24.3774 28.2654 18.8894 17.7669 24.884 13.2556 54.5743 19.4201 13.1362 25.2896 19.8587 14.7971 32.0989 14.5148 41.5853 26.7449 14.5124 14.4102 14.8116 14.8593 13.0225 25.0177 25.2695 28.1592 20.1926 36.2441
threshold=313.73800000000006 1450.7325000000003 40.374500000000005 1677.7765000000002 152.20900000000003 143.67200000000003 1.0000000180025095e-35 363436.23000000004 49993.630000000005 129419.00000000001 83696.635000000024 1.0000000180025095e-35 58205.875000000007 51896.55000000001 1653.9555000000003 95643.815000000017 155188.72500000003 78205.460000000006 65179.67500000001 75993.330000000002 129419.00000000001 124341.93000000001 1606.5660000000003 107725.14000000001 79.183000000000007 74.961500000000015 33816.665000000008 37695.645000000011 85.948000000000022 84.389000000000024
decision_type=2 2 2 2 2 2 2 2 2 2 2 2 2 2 2 2 2 2 2 2 2 2 2 2 2 2 2 2 2 2
left_child=2 -2 -1 7 5 24 -6 8 -3 10 -5 -12 13 -10 -15 17 20 18 -14 -20 21 22 -17 -24 25 -4 -27 -28 29 -26
right_child=1 3 4 9 6 -7 -8 -9 12 -11 11 -13 15 14 -16 16 -18 -19 19 -21 -22 -23 23 -25 28 26 27 -29 -30 -31
leaf_value=-0.0002043062296158364 0.0033140624522140978 0.028171433026194449 -0.0092096025141896274 0.0081802891510912076 0.0064174442290139124 -0.05340921967258893 -0.0065557492547661635 0.074302289696056067 0.015929803923080726 0.027145501412577117 -0.01235875230749096 -0.099230996108885694 0.040236006828906185 -0.1042241230139217 0.016647002897322922 -0.10211699976901185 0.025828166719212915 0.044602459622459366 -0.10380914263556665 0.020455503336777439 -0.10398231750292773 0.020074365222810042 0.025810404296934389 -0.10453520974144676 -0.01802188939772675 0.026581490830490356 -0.099962517563393596 -0.0010144042737939187 -0.010634013535363186 -0.067261797855459923
leaf_weight=2604.5640397908865 5346.319119792257 453.21504292351892 2034.5428648042725 628.8757411094266 410.40272317104973 37.821783372666687 887.03339324018452 16.280626777093858 21.740508857415989 76.878331021987833 10.693552251905205 16.147624082863331 33.203018925734796 11.028997177170821 4.9114726646803311 7.8695827890187564 45.077711148653179 51.611922625219449 10.818873001728209 7.2193444557487956 6.6269099493511012 12.096099330112336 7.5988674750551564 3.0697630532085896 260.08708878909238 102.90830208943225 7.830204226076602 87.981504785013385 1174.6378407829907 43.642675576731563
leaf_count=22319 28095 1655 16282 3378 2332 761 6296 26 47 277 119 327 105 88 19 108 127 154 106 19 68 22 23 26 2313 543 53 511 9014 383
internal_value=-0.000263355 0.00574825 -0.00558342 0.0148811 -0.00835944 -0.0104036 -0.00245209 0.0226876 0.0214447 0.00750316 0.00520023 -0.064621 0.00776575 -0.019145 -0.0669821 0.0132413 -0.00255495 0.0258869 0.00703602 -0.0540753 -0.0368921 -0.022379 -0.0500796 -0.0116949 -0.00996535 -0.00755569 0.00937742 -0.00910093 -0.0136055 -0.0250971
internal_weight=14422.7 6771.28 7651.45 1424.96 5046.89 3749.45 1297.44 692.369 676.088 732.595 655.717 26.8412 222.873 37.681 15.9405 185.192 82.3389 102.853 51.2412 18.0382 37.2612 30.6343 18.5382 10.6686 3711.63 2233.26 198.72 95.8117 1478.37 303.73
internal_count=95596 34789 60807 6694 38488 29860 8628 2593 2567 4101 3824 446 912 154 107 758 374 384 230 125 247 179 157 49 29099 17389 1107 564 11710 2696
is_linear=0
shrinkage=0.05


Tree=19
num_leaves=31
num_cat=0
split_feature=0 0 0 0 0 0 6 0 5 4 5 5 0 0 0 5 5 0 0 0 5 1 5 5 0 0 0 5 5 0
split_gain=172.948 45.6421 35.2071 33.3208 31.9871 26.646 24.0108 36.3006 20.4858 19.7792 16.2282 15.0752 32.0939 31.0525 20.8369 25.8897 16.8144 14.46 31.8712 36.1218 48.451 34.6005 34.398 46.166 38.797 41.6135 45.272 41.8278 35.1282 29.9672
threshold=409.28500000000003 1450.7325000000003 36.187000000000005 1677.7765000000002 152.20900000000003 143.67200000000003 1.0000000180025095e-35 354.62550000000005 11071.215000000002 0.10781537486027841 363436.23000000004 42774.125000000007 340.05100000000004 313.73800000000006 238.95600000000005 146678.51500000004 37491.270000000011 599.35000000000002 577.10300000000018 555.87400000000014 6228.6350000000011 1546.7615000000003 63116.860000000008 89765.030000000013 472.20550000000009 455.48050000000006 431.62100000000004 71250.075000000012 62661.55000000001 530.6500000000002
decision_type=2 2 2 2 2 2 2 2 2 2 2 2 2 2 2 2 2 2 2 2 2 2 2 2 2 2 2 2 2 2
left_child=2 17 -1 10 5 9 7 8 -6 -4 -3 12 13 16 -13 -16 -10 18 19 22 -21 -22 28 24 25 26 27 -24 -2 -25
right_child=1 3 4 -5 6 -7 -8 -9 11 -11 -12 14 -14 -15 15 -17 -18 -19 -20 20 21 -23 23 29 -26 -27 -28 -29 -30 -31
leaf_value=0.00018211316704694211 0.010574398282873444 0.020668243787890148 -0.037746134442713464 0.0065022355621001116 0.05360879992381589 -0.05206377154268757 -0.0054599925555719082 -0.036041834331763084 -0.0032148734112984034 -0.0088106246252143815 0.07185746588426252 0.0041570411695266594 -0.095364336473501107 0.053457164452367791 0.036647946946556285 -0.054031572246213501 -0.083950734582022041 0.0020194746491159128 0.026659592029758941 0.095125145802786193 -0.065379102618994114 0.037441577629103481 0.088951534403290067 -0.0042534875197637921 -0.072950117168210371 0.06503167953632509 -0.099466883911054751 -0.058488289972793199 0.089684655322393225 0.051842917880294249
leaf_weight=2286.0304141471861 786.5678064179956 665.78361736495572 59.965896833920851 733.22316470358055 26.471475797705352 36.674664431018755 1265.1060620625503 45.044204719597474 140.50910332659259 3905.4606802826747 15.851533404085783 177.64149792760145 8.9379379893653077 24.895332038751803 119.02836873126216 8.4287217385135573 6.7591641556937239 3511.8666887618601 198.12297231925186 6.6995370164513579 46.130905558587983 9.9461410248186422 9.5644184709526616 106.18509381718468 41.924754422740079 14.108255857368929 15.775197280221617 9.6776031266199407 14.287241769023238 30.6881232294254
leaf_count=19284 3926 2567 953 4101 109 761 9373 562 970 31181 26 878 120 107 434 93 134 17193 760 6 332 48 19 696 563 39 162 101 18 80
internal_value=-0.000267022 0.00600794 -0.00507628 0.0139005 -0.00713997 -0.00964055 -0.00164982 0.00699305 0.0107742 -0.00924819 0.0218587 0.00844202 -0.00298552 0.00181036 0.0152252 0.0306513 -0.0069204 0.00368226 0.00821012 0.00486144 -0.0319594 -0.0471422 0.00710827 -0.0100297 -0.0376199 -0.00746828 -0.0366781 0.014798 0.0119857 0.0083238
internal_weight=14327.4 6216.4 8110.95 1414.86 5824.92 4002.1 1822.82 557.716 512.672 3965.43 681.635 486.2 181.102 172.164 305.099 127.457 147.268 4801.54 1289.68 1091.56 62.7766 56.077 1028.78 227.923 91.0502 49.1255 35.0172 19.242 800.855 136.873
internal_count=95596 30637 64959 6694 45675 32895 12780 3407 2845 32134 2593 2736 1331 1211 1405 527 1104 23943 6750 5990 386 380 5604 1660 884 321 282 120 3944 776
is_linear=0
shrinkage=0.05


end of trees

feature_importances:
dist_victim_km=244
stolen_amount=165
dist_terminal_km=87
terminal_readiness=55
n_hops_observed=25
urban=22
is_final_snapshot=2

parameters:
[boosting: gbdt]
[objective: lambdarank]
[metric: ndcg]
[tree_learner: serial]
[device_type: cpu]
[data_sample_strategy: bagging]
[data: ]
[valid: ]
[num_iterations: 300]
[learning_rate: 0.05]
[num_leaves: 31]
[num_threads: 0]
[seed: 0]
[deterministic: 0]
[force_col_wise: 0]
[force_row_wise: 0]
[histogram_pool_size: -1]
[max_depth: -1]
[min_data_in_leaf: 10]
[min_sum_hessian_in_leaf: 0.001]
[bagging_fraction: 0.8]
[pos_bagging_fraction: 1]
[neg_bagging_fraction: 1]
[bagging_freq: 5]
[bagging_seed: 3]
[bagging_by_query: 0]
[feature_fraction: 0.8]
[feature_fraction_bynode: 1]
[feature_fraction_seed: 2]
[extra_trees: 0]
[extra_seed: 6]
[early_stopping_round: 0]
[early_stopping_min_delta: 0]
[first_metric_only: 0]
[max_delta_step: 0]
[lambda_l1: 0]
[lambda_l2: 0]
[linear_lambda: 0]
[min_gain_to_split: 0]
[drop_rate: 0.1]
[max_drop: 50]
[skip_drop: 0.5]
[xgboost_dart_mode: 0]
[uniform_drop: 0]
[drop_seed: 4]
[top_rate: 0.2]
[other_rate: 0.1]
[min_data_per_group: 100]
[max_cat_threshold: 32]
[cat_l2: 10]
[cat_smooth: 10]
[max_cat_to_onehot: 4]
[top_k: 20]
[monotone_constraints: ]
[monotone_constraints_method: basic]
[monotone_penalty: 0]
[feature_contri: ]
[forcedsplits_filename: ]
[refit_decay_rate: 0.9]
[cegb_tradeoff: 1]
[cegb_penalty_split: 0]
[cegb_penalty_feature_lazy: ]
[cegb_penalty_feature_coupled: ]
[path_smooth: 0]
[interaction_constraints: ]
[verbosity: -1]
[saved_feature_importance_type: 0]
[use_quantized_grad: 0]
[num_grad_quant_bins: 4]
[quant_train_renew_leaf: 0]
[stochastic_rounding: 1]
[linear_tree: 0]
[max_bin: 255]
[max_bin_by_feature: ]
[min_data_in_bin: 3]
[bin_construct_sample_cnt: 200000]
[data_random_seed: 1]
[is_enable_sparse: 1]
[enable_bundle: 1]
[use_missing: 1]
[zero_as_missing: 0]
[feature_pre_filter: 1]
[pre_partition: 0]
[two_round: 0]
[header: 0]
[label_column: ]
[weight_column: ]
[group_column: ]
[ignore_column: ]
[categorical_feature: ]
[forcedbins_filename: ]
[precise_float_parser: 0]
[parser_config_file: ]
[objective_seed: 5]
[num_class: 1]
[is_unbalance: 0]
[scale_pos_weight: 1]
[sigmoid: 1]
[boost_from_average: 1]
[reg_sqrt: 0]
[alpha: 0.9]
[fair_c: 1]
[poisson_max_delta_step: 0.7]
[tweedie_variance_power: 1.5]
[lambdarank_truncation_level: 30]
[lambdarank_norm: 1]
[label_gain: ]
[lambdarank_position_bias_regularization: 0]
[eval_at: 1,3]
[multi_error_top_k: 1]
[auc_mu_weights: ]
[num_machines: 1]
[local_listen_port: 12400]
[time_out: 120]
[machine_list_filename: ]
[machines: ]
[gpu_platform_id: -1]
[gpu_device_id: -1]
[gpu_device_id_list: ]
[gpu_use_dp: 0]
[num_gpu: 1]

end of parameters

pandas_categorical:[]
